1.84236955841
1.84725648031
1.90712127365
1.91811684794
1.95721222319
1.78006130411
1.91322992604
1.95476876223
1.89490396889
1.93522107461
2.01219009462
1.82037840983
1.966986067
1.86680416793
1.87779974222
2.02562912986
1.71530958886
1.9877554851
1.86924762889
1.93399934413
1.91078646508
1.94988184033
2.0806070013
1.96576433652
1.92789069175
1.95721222319
1.94988184033
1.98042510224
2.01952047748
1.95843395366
1.99386413748
2.01707701653
1.88024320317
1.96332087557
1.91811684794
1.88757358603
1.97431644986
1.83015225364
1.92178203937
1.82648706221
1.91322992604
2.0134118251
1.8790214727
1.90101262127
1.9462166489
1.86558243746
2.04517681749
2.00241625081
1.96209914509
2.07816354035
1.992642407
1.99875105938
2.0757200794
1.94866010985
1.89001704698
1.96576433652
1.73119208505
2.0085249032
1.86802589841
1.87657801174
1.90345608223
1.72141824124
1.97309471938
1.87657801174
1.91689511747
2.01463355558
1.93644280509
1.94988184033
2.05617239177
1.9718729889
2.01463355558
2.11481545464
1.93888626604
1.9877554851
2.01096836415
1.9046778127
1.98531202414
1.91811684794
1.99752932891
1.91567338699
1.73852246791
1.98653375462
1.77273092125
1.92422550032
2.01952047748
1.93522107461
2.02929432129
2.00241625081
1.96576433652
2.07816354035
2.04517681749
1.9718729889
2.01707701653
1.96942952795
1.88268666413
2.00241625081
1.966986067
1.83503917555
1.966986067
1.83137398412
2.00485971177
1.83381744507
1.71775304981
1.95965568414
1.77395265173
2.01585528605
1.95843395366
1.95965568414
2.0598375832
2.06961142701
2.05128546987
2.12825448988
2.07449834892
1.97553818033
2.04762027844
2.04395508701
1.96454260604
1.99752932891
1.87291282032
1.85214340222
1.87291282032
1.72508343267
1.97553818033
1.82770879269
1.93155588318
1.93277761366
1.84359128888
2.03295951272
2.04273335653
2.04395508701
2.12092410702
2.05617239177
1.98286856319
2.0341812432
2.0598375832
1.94132972699
2.01829874701
1.94866010985
1.82648706221
1.92056030889
1.86802589841
1.92422550032
1.92422550032
1.78372649554
1.9462166489
1.92300376985
1.992642407
2.0390681651
1.9877554851
2.06472450511
2.03540297368
2.00974663367
2.08915911464
2.0964894975
2.00730317272
1.99386413748
2.00119452034
1.84359128888
2.00608144224
1.96209914509
1.74829631172
1.95721222319
1.78861341744
1.9462166489
1.9254472308
1.84359128888
2.00485971177
1.96209914509
1.92300376985
2.00974663367
2.00485971177
2.01829874701
2.07449834892
2.03784643463
2.09282430607
2.09526776702
2.02074220796
1.99019894605
2.01219009462
1.8790214727
1.90101262127
1.93033415271
1.73852246791
2.01585528605
1.88513012508
1.94499491842
2.04395508701
1.84603474983
1.91933857842
1.96332087557
1.96087741462
2.00485971177
2.05250720035
2.08793738416
2.05861585273
2.02807259082
1.99997278986
2.02562912986
1.96576433652
1.91445165651
1.94377318795
1.9254472308
1.91689511747
1.99142067653
1.83626090602
2.04273335653
1.99386413748
1.86069551555
2.00485971177
1.96942952795
1.95354703176
2.0549506613
2.08427219273
2.01219009462
2.00241625081
2.06472450511
2.03784643463
2.05128546987
1.98286856319
1.80327418316
1.89123877746
1.91200819556
2.00119452034
2.01707701653
1.87657801174
2.03784643463
1.966986067
1.94377318795
2.04273335653
1.91445165651
1.96942952795
2.06961142701
1.89490396889
2.01707701653
2.0806070013
1.94255145747
2.02074220796
2.00608144224
1.84969994126
1.97675991081
2.06105931368
1.96332087557
2.0757200794
2.02807259082
1.89856916032
2.00485971177
2.02929432129
1.99386413748
2.07938527083
1.9718729889
1.91200819556
2.01829874701
1.96820779747
2.02318566891
2.0549506613
1.88879531651
2.02562912986
1.9462166489
1.87413455079
2.02196393844
2.0085249032
1.89246050794
2.04639854796
2.04884200892
1.9511035708
2.11359372417
2.02074220796
1.93888626604
2.10259814988
2.08915911464
1.9511035708
2.03662470415
2.0341812432
1.91078646508
2.02929432129
2.0085249032
1.94255145747
1.95232530128
1.966986067
1.95354703176
