-0.00415125586049940
-0.0203315837220744
-0.0348669462315143
-0.0490283987895888
-0.0540166903756670
-0.0659642588116287
-0.0751826086071844
-0.0829949699338477
-0.0888142663660208
-0.0958566172740839
-0.0975688906943149
-0.100260527220893
-0.102508165782308
-0.104096181953321
-0.103894445703094
-0.105656326200995
-0.105244285980459
-0.0989098908815687
-0.0961940904734504
-0.100221332834736
-0.101740701612062
-0.106092338248229
-0.108888272833684
-0.106584399161339
-0.100492693017401
-0.101152878855218
-0.102293448207106
-0.104847649183933
-0.104903853019940
-0.0984903484388660
-0.102316349237832
-0.105986793218126
-0.106997494856007
-0.106595270179188
-0.104699943201508
-0.107730639156722
-0.108738055849332
-0.109747310382103
-0.101577429913816
-0.103464818576215
-0.117809946641509
-0.141690420950123
-0.189642080413432
-0.256708844311157
-0.264408124857103
-0.283310807324017
-0.303967256730803
-0.360356765031144
-0.359633345584948
-0.428504635195236
-0.123704695780370
0.417203740840051
0.459175550604086
0.846458080709845
1.56937067592910
1.68130363267124
1.73905546076662
1.84376107305970
1.88154752476484
1.93272022197710
1.98932501155035
2.02856810002425
2.05729194882821
2.10866642630158
2.14775278822340
2.15111793837057
2.17993349680622
2.19786229830020
2.58630357871093
3.12318512133892
-3.09242581600611
-3.06127993766844
-2.99258900605533
-2.91597399728933
-2.85854028163628
-2.80580756138662
-2.77979831390855
-2.70788016519301
-2.65083631842085
-2.63307145973294
-2.58156156327688
-2.51788646483692
-2.49350537421740
-2.46356380983077
-2.44179544405663
-2.47373221940738
-2.40346963609578
-2.37407390726131
-2.35705755638402
-2.33975073758378
-2.26556775149664
-2.24067638474805
-1.91745007692444
-1.33869467021219
-1.25277588250886
-1.13176358024906
-1.07733067410380
-1.05249409784804
-1.00389193427131
-0.935457226261006
-0.890632990638368
-0.854726255485095
-0.791044982972342
-0.772646520728775
-0.768198241281635
-0.233016946402293
0.454319486257569
0.446331535155177
0.468083745014994
0.487841498704623
0.506953805637241
0.489008844606340
0.511958245920889
0.521635522957348
0.525995308213932
0.527162765202083
0.557927620423779
0.576951070510381
0.568368580240931
0.569367410395729
0.583754215452136
1.17409159478058
1.05800649679437
1.13893294328197
1.18773224681235
1.30814941261045
1.35149895314442
1.37286706130682
1.45262466989159
1.54230412596635
1.60199928421418
1.62539508845885
1.65070903356732
2.01777122067309
2.54982620155832
2.53163018767399
2.51262486418219
2.49628793379236
2.48054029537753
2.46831407099142
2.45724225742296
2.45366543623514
2.44248574804198
2.43339822646516
2.42419440965012
2.41591511795021
2.40926642120956
2.40343651201329
2.40006368794386
2.39759391920400
2.39527665970757
2.39478895694933
