1.27279196181
1.27279032022
1.27278720709
1.27278389216
1.27277757044
1.27277757223
1.27277757449
1.27276803789
1.27275523835
1.27274312433
1.27273075296
1.27274059077
1.27272487086
1.27270949443
1.27270986323
1.27268114793
1.272670549
1.27264255505
1.27263420024
1.2726368666
1.27263314744
1.27260562573
1.27257405675
1.27255829385
1.27252473471
1.27252656483
1.27252807394
1.27252971381
1.27247618114
1.27242842428
1.27243324476
1.27239052349
1.27233683854
1.27230844901
1.272280671
1.27228301984
1.27224247791
1.27220221945
1.27216082415
1.27212355094
1.27207290117
1.27201451988
1.27197697757
1.27189757558
1.27190291757
1.27183935833
1.22809264873
1.20178272514
1.17149942055
1.15348339197
1.12697478449
1.11948468831
1.09466995649
1.07841739499
1.07258675414
1.05680748285
1.04229151165
1.02552071322
1.00906212916
0.999351244543
0.975214407084
0.962796076115
0.953741783364
0.957126353326
0.963640470186
0.970329093626
0.97579429738
0.982065021413
0.977602662285
0.961733163256
0.939275126104
0.917349107379
0.892544397736
0.868449280371
0.850457782161
0.831763563608
0.824684510714
0.826087060479
0.827759830948
0.833083780737
0.835642850281
0.835642850281
0.835642850281
0.835642850281
0.835642850281
0.835642850281
0.835642850281
0.835642850281
0.835642850281
0.835642850281
0.835642850281
0.835642850281
0.835642850281
0.835642850281
0.835642850281
0.835642850281
0.835642850281
0.835642850281
0.835642850281
0.835642850281
0.835642850281
0.835642850281
0.835642850281
0.835642850281
0.835642850281
0.835642850281
0.835642850281
0.835642850281
0.835642850281
0.835642850281
0.835642850281
0.835642850281
0.835642850281
0.835642850281
0.835642850281
0.835642850281
0.835642850281
0.835642850281
0.835642850281
0.835642850281
0.835642850281
0.835642850281
0.835642850281
0.835642850281
0.842640151493
0.842640151493
0.842640151493
0.842640151493
0.842640151493
0.842640151493
0.842640151493
0.842640151493
0.842640151493
0.842640151493
0.842640151493
0.842640151493
0.842640151493
0.842640151493
0.845696895224
0.845696895224
0.845696895224
0.845696895224
0.845696895224
0.845696895224
0.845696895224
0.845696895224
0.845696895224
0.845696895224
0.845696895224
0.845696895224
0.845696895224
0.845696895224
0.845696895224
0.845696895224
0.845696895224
0.845696895224
0.845696895224
0.845696895224
0.845696895224
0.845696895224
0.845696895224
0.845696895224
0.845696895224
0.845696895224
0.845696895224
0.845696895224
0.845696895224
0.845696895224
0.845696895224
0.845696895224
0.845696895224
0.845696895224
0.845696895224
0.845696895224
0.845696895224
0.845696895224
0.845696895224
0.845696895224
0.845696895224
0.845696895224
0.845696895224
0.845655255221
0.845655255221
0.845655255221
0.845655255221
0.845655255221
0.845655255221
0.845655255221
0.845655255221
0.845655255221
0.845655255221
0.845655255221
0.845655255221
0.845655255221
0.845655255221
0.845623536462
0.845623536462
0.845623536462
0.845623536462
0.845623536462
0.845682137267
0.845682137267
0.845733745638
0.845733745638
0.845733745638
0.845733745638
0.845733745638
0.845733745638
0.845733745638
0.845733745638
0.845733745638
0.845733745638
0.845733745638
0.845733745638
0.845717329781
0.845762892454
0.845762892454
0.845762892454
0.845762892454
0.845762892454
0.845762892454
0.845762892454
0.845762892454
0.845762892454
0.845762892454
0.845762892454
0.845762892454
0.845762892454
0.845762892454
0.845762892454
0.845762892454
0.845762892454
0.845762892454
0.845762030446
0.845739283338
0.845739283338
0.845739283338
0.845739283338
0.845739283338
0.845739283338
0.845739283338
0.845739283338
0.845739283338
0.845739283338
0.845739283338
0.845739283338
0.845739283338
0.84576072082
0.84576072082
0.84576072082
0.84576072082
0.84576072082
0.845755117214
0.845755117214
0.845755117214
0.845755117214
0.845755117214
0.845755117214
0.845755117214
0.845755117214
0.845716925143
0.845716925143
0.845716925143
0.845716925143
0.845716925143
0.845716925143
0.845716925143
0.845716925143
