[ 0.44999977];[ 0.44999989]
[ 0.4499982];[ 0.44999913]
[ 0.44999523];[ 0.4499977]
[ 0.44999207];[ 0.44999617]
[ 0.44998604];[ 0.44999326]
[ 0.44998605];[ 0.44999326]
[ 0.44998605];[ 0.44999326]
[ 0.44997695];[ 0.44998887]
[ 0.44996475];[ 0.44998297]
[ 0.4499532];[ 0.44997739]
[ 0.4499414];[ 0.44997169]
[ 0.44995078];[ 0.44997622]
[ 0.44993579];[ 0.44996898]
[ 0.44992113];[ 0.4499619]
[ 0.44992148];[ 0.44996207]
[ 0.4498941];[ 0.44994884]
[ 0.44988399];[ 0.44994396]
[ 0.44985729];[ 0.44993107]
[ 0.44984933];[ 0.44992722]
[ 0.44985187];[ 0.44992845]
[ 0.44984832];[ 0.44992673]
[ 0.44982208];[ 0.44991406]
[ 0.44979197];[ 0.44989952]
[ 0.44977694];[ 0.44989225]
[ 0.44974494];[ 0.4498768]
[ 0.44974668];[ 0.44987764]
[ 0.44974812];[ 0.44987834]
[ 0.44974968];[ 0.44987909]
[ 0.44969863];[ 0.44985443]
[ 0.44965309];[ 0.44983244]
[ 0.44965769];[ 0.44983466]
[ 0.44961695];[ 0.44981498]
[ 0.44956575];[ 0.44979025]
[ 0.44953867];[ 0.44977718]
[ 0.44951218];[ 0.44976438]
[ 0.44951442];[ 0.44976546]
[ 0.44947576];[ 0.44974679]
[ 0.44943736];[ 0.44972825]
[ 0.44939788];[ 0.44970918]
[ 0.44936233];[ 0.44969201]
[ 0.44931403];[ 0.44966869]
[ 0.44925835];[ 0.4496418]
[ 0.44922254];[ 0.44962451]
[ 0.44914681];[ 0.44958794]
[ 0.44915191];[ 0.4495904]
[ 0.44909128];[ 0.44956112]
[ 0.44604647];[ 0.38982872]
[ 0.44296901];[ 0.35429352]
[ 0.44102052];[ 0.31058749]
[ 0.44175803];[ 0.28163622]
[ 0.44330195];[ 0.23708354]
[ 0.4445942];[ 0.2230135]
[ 0.45160766];[ 0.17081071]
[ 0.4571137];[ 0.13320563]
[ 0.45858949];[ 0.12000656]
[ 0.45817936];[ 0.09041863]
[ 0.4580887];[ 0.06161167]
[ 0.45589558];[ 0.03067238]
[ 0.45174551];[ 0.00283708]
[ 0.44857969];[-0.0126701]
[ 0.44189103];[-0.05557189]
[ 0.44110772];[-0.08544093]
[ 0.45058685];[-0.13604663]
[ 0.46469216];[-0.16816829]
[ 0.48005216];[-0.19779781]
[ 0.49415517];[-0.22614832]
[ 0.50282144];[-0.23951053]
[ 0.51724627];[-0.28004011]
[ 0.515603];[-0.29729827]
[ 0.50509209];[-0.33717366]
[ 0.48565766];[-0.36764403]
[ 0.46525952];[-0.3881179]
[ 0.44156568];[-0.40821324]
[ 0.41820048];[-0.42921347]
[ 0.40045625];[-0.44838409]
[ 0.38067104];[-0.49261742]
[ 0.37211897];[-0.51499961]
[ 0.3699508];[-0.55050137]
[ 0.36477541];[-0.59603892]
[ 0.35828938];[-0.65173463]
[ 0.35322258];[-0.68050478]
[ 0.35322258];[-0.68050478]
[ 0.35322258];[-0.68050478]
[ 0.35322258];[-0.68050478]
[ 0.35322258];[-0.68050478]
[ 0.35322258];[-0.68050478]
[ 0.35322258];[-0.68050478]
[ 0.35322258];[-0.68050478]
[ 0.35322258];[-0.68050478]
[ 0.35322258];[-0.68050478]
[ 0.35322258];[-0.68050478]
[ 0.35322258];[-0.68050478]
[ 0.35322258];[-0.68050478]
[ 0.35322258];[-0.68050478]
[ 0.35322258];[-0.68050478]
[ 0.35322258];[-0.68050478]
[ 0.35322258];[-0.68050478]
[ 0.35322258];[-0.68050478]
[ 0.35322258];[-0.68050478]
[ 0.35322258];[-0.68050478]
[ 0.35322258];[-0.68050478]
[ 0.35322258];[-0.68050478]
[ 0.35322258];[-0.68050478]
[ 0.35322258];[-0.68050478]
[ 0.35322258];[-0.68050478]
[ 0.35322258];[-0.68050478]
[ 0.35322258];[-0.68050478]
[ 0.35322258];[-0.68050478]
[ 0.35322258];[-0.68050478]
[ 0.35322258];[-0.68050478]
[ 0.35322258];[-0.68050478]
[ 0.35322258];[-0.68050478]
[ 0.35322258];[-0.68050478]
[ 0.35322258];[-0.68050478]
[ 0.35322258];[-0.68050478]
[ 0.35322258];[-0.68050478]
[ 0.35322258];[-0.68050478]
[ 0.35322258];[-0.68050478]
[ 0.35322258];[-0.68050478]
[ 0.35322258];[-0.68050478]
[ 0.35322258];[-0.68050478]
[ 0.35322258];[-0.68050478]
[ 0.35322258];[-0.68050478]
[ 0.35322258];[-0.68050478]
[ 0.35519359];[-0.69840635]
[ 0.35519359];[-0.69840635]
[ 0.35519359];[-0.69840635]
[ 0.35519359];[-0.69840635]
[ 0.35519359];[-0.69840635]
[ 0.35519359];[-0.69840635]
[ 0.35519359];[-0.69840635]
[ 0.35519359];[-0.69840635]
[ 0.35519359];[-0.69840635]
[ 0.35519359];[-0.69840635]
[ 0.35519359];[-0.69840635]
[ 0.35519359];[-0.69840635]
[ 0.35519359];[-0.69840635]
[ 0.35519359];[-0.69840635]
[ 0.35790894];[-0.69997275]
[ 0.35790894];[-0.69997275]
[ 0.35790894];[-0.69997275]
[ 0.35790894];[-0.69997275]
[ 0.35790894];[-0.69997275]
[ 0.35790894];[-0.69997275]
[ 0.35790894];[-0.69997275]
[ 0.35790894];[-0.69997275]
[ 0.35790894];[-0.69997275]
[ 0.35790894];[-0.69997275]
[ 0.35790894];[-0.69997275]
[ 0.35790894];[-0.69997275]
[ 0.35790894];[-0.69997275]
[ 0.35790894];[-0.69997275]
[ 0.35790894];[-0.69997275]
[ 0.35790894];[-0.69997275]
[ 0.35790894];[-0.69997275]
[ 0.35790894];[-0.69997275]
[ 0.35790894];[-0.69997275]
[ 0.35790894];[-0.69997275]
[ 0.35790894];[-0.69997275]
[ 0.35790894];[-0.69997275]
[ 0.35790894];[-0.69997275]
[ 0.35790894];[-0.69997275]
[ 0.35790894];[-0.69997275]
[ 0.35790894];[-0.69997275]
[ 0.35790894];[-0.69997275]
[ 0.35790894];[-0.69997275]
[ 0.35790894];[-0.69997275]
[ 0.35790894];[-0.69997275]
[ 0.35790894];[-0.69997275]
[ 0.35790894];[-0.69997275]
[ 0.35790894];[-0.69997275]
[ 0.35790894];[-0.69997275]
[ 0.35790894];[-0.69997275]
[ 0.35790894];[-0.69997275]
[ 0.35790894];[-0.69997275]
[ 0.35790894];[-0.69997275]
[ 0.35790894];[-0.69997275]
[ 0.35790894];[-0.69997275]
[ 0.35790894];[-0.69997275]
[ 0.35790894];[-0.69997275]
[ 0.35790894];[-0.69997275]
[ 0.35787461];[-0.69994284]
[ 0.35787461];[-0.69994284]
[ 0.35787461];[-0.69994284]
[ 0.35787461];[-0.69994284]
[ 0.35787461];[-0.69994284]
[ 0.35787461];[-0.69994284]
[ 0.35787461];[-0.69994284]
[ 0.35787461];[-0.69994284]
[ 0.35787461];[-0.69994284]
[ 0.35787461];[-0.69994284]
[ 0.35787461];[-0.69994284]
[ 0.35787461];[-0.69994284]
[ 0.35787461];[-0.69994284]
[ 0.35787461];[-0.69994284]
[ 0.35784795];[-0.69992169]
[ 0.35784795];[-0.69992169]
[ 0.35784795];[-0.69992169]
[ 0.35784795];[-0.69992169]
[ 0.35784795];[-0.69992169]
[ 0.35790229];[-0.69994433]
[ 0.35790229];[-0.69994433]
[ 0.35795028];[-0.69996381]
[ 0.35795028];[-0.69996381]
[ 0.35795028];[-0.69996381]
[ 0.35795028];[-0.69996381]
[ 0.35795028];[-0.69996381]
[ 0.35795028];[-0.69996381]
[ 0.35795028];[-0.69996381]
[ 0.35795028];[-0.69996381]
[ 0.35795028];[-0.69996381]
[ 0.35795028];[-0.69996381]
[ 0.35795028];[-0.69996381]
[ 0.35795028];[-0.69996381]
[ 0.35793285];[-0.69996463]
[ 0.35797545];[-0.69998108]
[ 0.35797545];[-0.69998108]
[ 0.35797545];[-0.69998108]
[ 0.35797545];[-0.69998108]
[ 0.35797545];[-0.69998108]
[ 0.35797545];[-0.69998108]
[ 0.35797545];[-0.69998108]
[ 0.35797545];[-0.69998108]
[ 0.35797545];[-0.69998108]
[ 0.35797545];[-0.69998108]
[ 0.35797545];[-0.69998108]
[ 0.35797545];[-0.69998108]
[ 0.35797545];[-0.69998108]
[ 0.35797545];[-0.69998108]
[ 0.35797545];[-0.69998108]
[ 0.35797545];[-0.69998108]
[ 0.35797545];[-0.69998108]
[ 0.35797545];[-0.69998108]
[ 0.35797732];[-0.69997213]
[ 0.35795863];[-0.69995557]
[ 0.35795863];[-0.69995557]
[ 0.35795863];[-0.69995557]
[ 0.35795863];[-0.69995557]
[ 0.35795863];[-0.69995557]
[ 0.35795863];[-0.69995557]
[ 0.35795863];[-0.69995557]
[ 0.35795863];[-0.69995557]
[ 0.35795863];[-0.69995557]
[ 0.35795863];[-0.69995557]
[ 0.35795863];[-0.69995557]
[ 0.35795863];[-0.69995557]
[ 0.35795863];[-0.69995557]
[ 0.35797892];[-0.69996251]
[ 0.35797892];[-0.69996251]
[ 0.35797892];[-0.69996251]
[ 0.35797892];[-0.69996251]
[ 0.35797892];[-0.69996251]
[ 0.35796981];[-0.699973]
[ 0.35796981];[-0.699973]
[ 0.35796981];[-0.699973]
[ 0.35796981];[-0.699973]
[ 0.35796981];[-0.699973]
[ 0.35796981];[-0.699973]
[ 0.35796981];[-0.699973]
[ 0.35796981];[-0.699973]
[ 0.35793697];[-0.69994993]
[ 0.35793697];[-0.69994993]
[ 0.35793697];[-0.69994993]
[ 0.35793697];[-0.69994993]
[ 0.35793697];[-0.69994993]
[ 0.35793697];[-0.69994993]
[ 0.35793697];[-0.69994993]
[ 0.35793697];[-0.69994993]
