0.0;0.0
-0.00000241050806049849;0.0
-0.00000241056204756742;0.0
-0.00000811303238079189;0.0
-0.00000811407587564825;0.0
-0.0000159797855230250;0.0
-0.0000159862162210742;0.0
-0.0000259403070984052;0.0
-0.0000376981424465300;0.0
-0.0000377271535424129;0.0
-0.0000377659482146231;0.0
-0.0000532472509476133;0.0
-0.0000533215486009942;0.0
-0.0000708903551771154;0.0
-0.0000901091929716138;0.0
-0.000111038105382665;0.0
-0.000133532037971020;0.0
-0.000158032218956645;0.0
-0.000158672859150763;0.0
-0.000187148032247659;0.0
-0.000217387476677634;0.0
-0.000249460267017961;0.0
-0.000283320886365173;0.0
-0.000284663048221343;0.0
-0.000320371977984661;0.0
-0.000359862655337670;0.0
-0.000401408933937493;0.0
-0.000444842528958727;0.0
-0.000489867561923992;0.0
-0.000538055194512807;0.0
-0.000590408194875851;0.0
-0.000644023590945846;0.0
-0.000701949448109959;0.0
-0.000706941049294580;0.0
-0.000711085498399439;0.0
-0.000714553013697537;0.0
-0.000717805825432833;0.0
-0.000720945211932995;0.0
-0.000785550837665692;0.0
-0.000851442078889288;0.0
-0.000919680632608691;0.0
-0.000923403781665021;0.0
-0.000926767017179711;0.0
-0.000998894148399543;0.0
-0.00107095598679873;0.0
-0.00114727899746127;0.0
-0.00115213736851556;0.0
-0.00115604923386173;0.0
-0.00115979696815729;0.0
-0.00123826306354727;0.0
-0.00124229723579664;0.0
-0.00124583973079655;0.0
-0.00124961658377102;0.0
-0.00125241882184293;0.0
-0.00125569443129979;0.0
-0.00133784167307607;0.0
-0.00142233595370851;0.0
-0.00150840494120721;0.0
-0.00151306292078021;0.0
-0.00160156833277555;0.0
-0.00160588482122798;0.0
-0.00161012925721880;0.0
-0.00170185875279883;0.0
-0.00179525803014191;0.0
-0.00188859421248668;0.0
-0.00198415679683254;0.0
-0.00208029105336611;0.0
-0.00217917335720815;0.0
-0.00218754338602370;0.0
-0.00219532920336640;0.0
-0.00229962935778835;0.0
-0.00230647495164800;0.0
-0.00241353430702052;0.0
-0.00252381445280514;0.0
-0.00253273447931102;0.0
-0.00264652009274259;0.0
-0.00276150695912281;0.0
-0.00288007330703803;0.0
-0.00299945696044814;0.0
-0.00312075610537193;0.0
-0.00313314572023300;0.0
-0.00325708587483855;0.0
-0.00338443119288821;0.0
-0.00351454016364604;0.0
-0.00364899919240258;0.0
-0.00366286342182060;0.0
-0.00379665609441539;0.0
-0.00381001791583762;0.0
-0.00394447397543285;0.0
-0.00408299177817178;0.0
-0.00422539006823727;0.0
-0.00437061432345586;0.0
-0.00438829842801850;0.0
-0.00453729140934444;0.0
-0.00455181551814173;0.0
-0.00456316995082456;0.0
-0.00471354609156176;0.0
-0.00486520045584829;0.0
-0.00501790822935177;0.0
-0.00503265523928897;0.0
-0.00518842388805991;0.0
-0.00534502533014791;0.0
-0.00550825911416260;0.0
-0.00567455285916141;0.0
-0.00584079446752363;0.0
-0.00586109290118001;0.0
0.0235756235601162;-0.00234795458674903
0.0378685524920422;-0.00361394343460942
0.0954066380205887;-0.0102106523867852
0.0953968078234711;-0.0103381637025008
0.0941279697756395;-0.0111984860277817
0.0942970877823306;-0.0123370015199518
0.105181026785505;-0.00236545505415659
0.125886758191707;0.0186147121225840
0.146313616794269;0.0399533884172445
0.155868675567309;0.0510389500353664
0.175098800040503;0.0737410265215259
0.193642453498082;0.0970882772734457
0.211750561362184;0.120831125288051
0.220430055957546;0.133315625329692
0.237277738518634;0.158034634405221
0.253915507451027;0.183040060043224
0.261782802339840;0.196084888132470
0.276949286152415;0.222362830805228
0.284457112937588;0.235950859808682
0.298987956759560;0.262364330899613
0.313644510295767;0.289018795233909
0.320497807194074;0.303047068834123
0.333701948039195;0.330168827837524
0.338896312068827;0.344824509944233
0.344969668123449;0.359419505115134
0.357694273716229;0.387355833667340
0.363722756294790;0.402058733421864
0.376595096796276;0.429867045086073
0.382760645952137;0.444433513816652
0.395906063053753;0.472897824610791
0.395331939046723;0.474458536650722
0.396856439497186;0.474451124179770
0.395439082507043;0.474488411986946
0.393480695492552;0.477428091420374
0.391234520601378;0.479877078197553
0.391002204618309;0.480912309632471
0.390555987193555;0.482346951913022
0.388005036874380;0.485850279412242
0.386858523122439;0.488259892456297
0.385644252707393;0.489773997082447
0.370955977788154;0.484793856022196
0.344566689530131;0.470607048851777
0.331479307247608;0.463161581526970
0.306969007402463;0.446257861141392
0.294805440150693;0.436800353329300
0.272577456985641;0.417177334274404
0.261818453668844;0.406900151346888
0.240453392439718;0.386311186595398
0.229888721231840;0.375299191618168
0.209506930205209;0.353727078867661
0.199325909067343;0.342206072407049
0.179714027586389;0.319265118476465
0.160034495302358;0.296199526842673
0.140980204371331;0.273411906227593
0.130562556395438;0.260862373301287
0.110463564146113;0.237147799402972
0.0928962651232709;0.213082759253737
0.0847393360455414;0.200475356594573
0.0659643448174521;0.175701310048742
0.0463180468885729;0.150734055297375
0.0273003158742565;0.125554198298085
0.00757336510955263;0.100180568520005
-0.00889159564550929;0.0753966781914924
-0.0280355742698586;0.0497326910687698
-0.0391985500949144;0.0361772190921365
-0.0598378992934448;0.0106569480939292
-0.0884571784136592;-0.0269123190438262
-0.0963949536194460;-0.0395021544253258
-0.116437233152083;-0.0652088439818615
-0.128359992016151;-0.0786943378612651
-0.144375404180524;-0.103693516496360
-0.160777779386618;-0.128375223254129
-0.173282450382724;-0.141650597932438
-0.194343918394665;-0.167143070098180
-0.214454238013474;-0.193425269015655
-0.227043032206497;-0.207018274028455
-0.242608552312761;-0.232736553863628
-0.264283934787526;-0.258312267910130
-0.285824245918757;-0.283968253733223
-0.307998307073544;-0.308872044563655
-0.329408785971975;-0.334334876296666
-0.350371304348358;-0.360131855975455
-0.355436519637507;-0.360903923392967
-0.361201714866758;-0.358839232169946
-0.363083593131148;-0.356425359275846
-0.372968747974383;-0.353636424151705
-0.376975587623178;-0.353329844527211
-0.384392993964350;-0.352596322681296
-0.391673457759455;-0.352659587038097
-0.397745262092906;-0.352089374529916
-0.403571305272955;-0.351550085451494
-0.408413005585977;-0.351047572995968
-0.409767866477408;-0.351141020711601
-0.413989717763483;-0.350783360609462
-0.417924806198498;-0.350364299376456
-0.420852942974124;-0.350693948895502
-0.424208014353217;-0.350247009546780
-0.424266707332729;-0.350356450727899
-0.424158015191778;-0.349781935534554
-0.427241136719729;-0.349347613871551
-0.430250026070652;-0.348929196557385
-0.432534189635080;-0.348481446876415
-0.435421069506721;-0.348050170571379
-0.435583439442906;-0.348205233898843
-0.437770351900218;-0.347709578174697
-0.439957124728511;-0.347203506331548
-0.442333649392092;-0.346780540531902
-0.444253940624917;-0.346367002464759
-0.446399473404130;-0.345999028114852
-0.448292274086535;-0.345677725841418
-0.448419769359958;-0.345817994226850
-0.450273218683270;-0.345573366992875
-0.452022217398768;-0.345339964233971
-0.453728756488665;-0.345095447146154
-0.455400515705963;-0.344871012756357
-0.456905328595542;-0.344636115426782
-0.457035871673539;-0.344741620853979
-0.458483216005672;-0.344421548522235
-0.460133069341874;-0.344539782558909
-0.460087248643942;-0.344628287940420
-0.460452738111146;-0.344709708293723
-0.460817374916917;-0.344792246604236
-0.461957022188762;-0.344865552112259
-0.463418268892009;-0.344932858716814
-0.463476544013750;-0.344987742122329
-0.463468718343801;-0.345048200845903
-0.463511779932258;-0.345099635298320
-0.463489678912909;-0.345146887690857
-0.464783806564203;-0.345199029504356
-0.464977230121569;-0.345240166147374
-0.466042365549275;-0.345276921015784
-0.467111653321208;-0.344480445668037
-0.468118277260931;-0.343734051346802
-0.469035170382137;-0.343024025222816
-0.470039454297663;-0.342361218756746
-0.470992492539466;-0.341720175982650
-0.471988678281513;-0.341154280197786
-0.472678801808202;-0.340651369401698
-0.473663515595203;-0.340168938426078
-0.474973323012621;-0.339745138573893
-0.475426475261406;-0.339779872457036
-0.476327744189855;-0.339386138965536
-0.476701706864363;-0.339080043282223
-0.476331199751463;-0.339117834895963
-0.477212700614793;-0.338878279209371
-0.478319680456734;-0.339111174012728
-0.479040574129831;-0.339410495408183
-0.478975603032710;-0.339445390195040
-0.479300613608576;-0.339462730068778
-0.479604839266541;-0.339478961031364
-0.480179562910110;-0.339971044709654
-0.481165263848572;-0.340443226461396
-0.482180145279183;-0.340433430284691
-0.482449337413239;-0.340447898427220
-0.483129906231886;-0.340446649620820
-0.483405043634320;-0.340455123919838
-0.483926086731200;-0.340452362508797
-0.484428862227875;-0.341238458948244
-0.484919189713973;-0.341237118369959
-0.485386496067726;-0.341233635829286
-0.485887318891978;-0.341229166468878
-0.486467312496708;-0.341218624835624
-0.487011741663946;-0.341207960893665
-0.487520783796755;-0.341199431242390
-0.487981335979212;-0.341188795949246
-0.488397326203209;-0.341180163315348
-0.488916599088662;-0.341163704585173
-0.489379658955337;-0.341151336480537
-0.489715172033622;-0.341145253744675
-0.489517855846457;-0.341169183088305
-0.489961495213084;-0.341153700549647
-0.490277361929316;-0.341146117917501
-0.490209531510232;-0.341160858267115
-0.490472362864748;-0.341153807038498
-0.490913536621235;-0.341137074905745
-0.491300021502830;-0.341121586962114
-0.491562669983334;-0.341113076141459
-0.491939426593322;-0.341096029486213
-0.492728897366235;-0.341050011228897
-0.492958024285888;-0.341042695044865
-0.493717367034285;-0.340995882306626
-0.494147837679527;-0.340973092223795
-0.494447490838272;-0.340958408106836
-0.495200625874721;-0.340908058172387
-0.495515078648051;-0.340891000923445
-0.496285389082863;-0.340835416666071
-0.496537283565304;-0.340822203007002
-0.496779146567028;-0.340809903922282
-0.496624488316726;-0.340830286224249
-0.496838407341857;-0.340819628904421
-0.497180706071608;-0.340797496758862
-0.497909935844240;-0.340740487647088
-0.498005199283180;-0.340737720035876
-0.498694501385557;-0.340681811560770
-0.499349630810271;-0.340627489214838
-0.499582506748653;-0.340613183737863
-0.499883603361311;-0.340590620948131
-0.500517676032715;-0.340535333416807
-0.500717818244732;-0.340521604970828
-0.500528246677088;-0.340546020193787
-0.500331812497991;-0.340571933676073
-0.500521111070168;-0.340558600098439
-0.500772795540752;-0.340538358683996
-0.501013946595045;-0.340518687376007
-0.501320097618700;-0.340492650322008
-0.501557128994791;-0.340473202740577
-0.501246663738744;-0.340513776367839
-0.501443650720375;-0.340497690053486
-0.501659030659819;-0.340479080059653
-0.501953184035753;-0.340451260464715
-0.502196680927469;-0.340429523549890
-0.502447093042967;-0.340406421684434
-0.503064991209085;-0.340339218182710
-0.503221620208428;-0.340325922710255
-0.503062079666614;-0.340351668905484
-0.503682544364051;-0.340282152855545
-0.503892239650941;-0.340261352620066
-0.504487136027793;-0.340193731624350
-0.504656063299439;-0.340177792041731
-0.504873499666458;-0.340155556358128
-0.505132108381476;-0.340128561086432
-0.505276235883788;-0.340115615821829
-0.505437691152510;-0.340100616890993
-0.505607481889195;-0.340083888995278
-0.505697987362247;-0.340077369271697
-0.505800629575583;-0.340069311973805
-0.506404535671016;-0.339992568383624
-0.506641083705899;-0.339965426293176
-0.506640767103942;-0.339970569141183
-0.506879648492090;-0.339942673553388
-0.506999450507533;-0.339931287049318
-0.507464855853151;-0.338978791942089
-0.507707830199955;-0.338116963773460
