21;35
21;35
21;35
21;35
21;35
20;35
19;35
23;36
18;36
19;35
21;36
21;34
21;33
15;33
20;35
17;34
19;36
19;35
17;36
23;34
17;36
21;38
17;35
18;34
23;34
20;35
21;36
23;36
26;36
25;36
23;32
26;37
25;33
27;35
28;34
28;32
36;32
39;35
45;33
40;35
44;32
48;33
46;32
51;34
48;33
51;31
51;33
51;30
58;28
50;31
54;32
53;33
55;35
56;32
54;35
59;30
57;32
59;30
57;30
56;32
59;31
61;28
59;31
66;32
65;31
65;32
63;30
65;31
66;30
67;32
68;29
69;31
74;28
71;27
74;28
76;28
71;30
77;29
74;29
78;26
74;29
80;24
82;26
78;24
79;26
83;25
83;24
88;24
85;24
88;23
87;25
87;23
90;23
89;22
90;22
90;22
94;19
94;21
96;19
96;21
96;21
97;22
96;21
97;22
98;19
99;18
101;18
98;18
103;18
103;17
102;17
104;14
102;16
106;13
105;19
105;16
106;20
106;13
111;11
106;16
110;17
108;13
108;14
111;14
111;15
113;12
111;12
115;10
111;11
114;13
121;6
117;9
121;9
121;9
124;7
124;7
122;7
126;3
125;10
125;5
129;5
130;4
132;4
130;4
133;0
132;1
131;2
135;1
131;2
136;-4
137;-4
137;-5
140;-2
138;0
140;-2
133;1
139;-1
138;-1
138;1
142;-4
138;-4
144;-3
142;-3
142;-7
143;-8
146;-7
146;-9
146;-5
147;-8
148;-12
147;-11
151;-9
150;-10
152;-11
150;-11
149;-11
155;-17
154;-11
157;-16
157;-16
157;-17
155;-15
159;-14
158;-16
158;-15
159;-19
157;-19
157;-15
160;-17
155;-16
157;-17
161;-16
163;-19
173;-25
175;-27
172;-29
172;-27
172;-28
173;-30
171;-25
174;-22
169;-25
171;-26
167;-27
169;-27
168;-24
167;-23
169;-24
167;-23
167;-23
167;-25
166;-23
168;-25
170;-21
169;-25
167;-23
169;-26
169;-28
171;-22
169;-28
171;-25
178;-30
177;-32
175;-31
177;-35
176;-32
176;-34
180;-33
178;-31
179;-33
181;-36
181;-36
181;-32
181;-35
179;-31
179;-35
181;-39
180;-35
183;-38
183;-40
182;-39
185;-42
185;-41
187;-43
183;-40
186;-44
184;-44
186;-44
193;-48
191;-48
193;-50
189;-46
190;-46
193;-49
190;-50
193;-53
194;-55
194;-56
196;-55
195;-57
198;-61
197;-60
200;-60
199;-61
197;-65
205;-65
200;-62
203;-64
201;-61
201;-63
204;-67
201;-64
206;-67
203;-64
205;-66
204;-67
204;-67
204;-67
201;-58
194;-57
201;-57
196;-58
198;-59
195;-55
197;-56
199;-56
193;-56
195;-56
195;-57
197;-62
196;-54
197;-57
200;-57
197;-57
196;-57
199;-57
196;-57
196;-57
198;-56
198;-59
198;-56
200;-55
200;-56
199;-52
190;-54
193;-48
198;-55
193;-51
194;-54
196;-54
191;-52
197;-51
194;-52
194;-56
198;-57
196;-52
196;-58
195;-58
199;-57
199;-58
198;-56
198;-60
198;-56
202;-63
198;-58
200;-63
204;-63
200;-61
201;-61
203;-58
199;-61
199;-61
202;-60
203;-64
203;-65
206;-67
204;-65
204;-62
204;-67
204;-62
206;-70
208;-64
208;-68
203;-67
204;-67
207;-70
203;-68
207;-70
206;-69
208;-71
209;-72
204;-67
210;-75
210;-72
210;-72
211;-76
208;-72
210;-72
208;-68
210;-75
211;-73
210;-74
210;-75
208;-73
212;-75
210;-74
208;-72
210;-76
209;-74
215;-81
215;-79
215;-79
214;-80
209;-79
212;-81
209;-75
208;-76
210;-74
208;-76
208;-78
207;-72
211;-74
209;-75
210;-76
212;-77
210;-77
213;-79
210;-76
211;-80
213;-81
214;-80
214;-82
214;-80
212;-86
214;-83
211;-85
218;-85
219;-83
215;-89
217;-83
218;-86
215;-88
216;-88
217;-90
216;-90
216;-92
217;-94
221;-91
220;-94
217;-90
222;-97
219;-93
219;-97
221;-98
222;-97
225;-98
219;-96
223;-100
224;-103
226;-103
225;-104
225;-107
228;-104
224;-100
224;-99
225;-101
224;-99
226;-100
223;-92
220;-88
219;-85
222;-80
223;-80
226;-73
228;-73
241;-51
252;-43
284;-20
313;-24
272;-103
259;-101
252;-92
254;-86
254;-83
254;-85
257;-81
253;-85
256;-84
257;-86
256;-87
256;-82
253;-88
254;-86
255;-85
254;-83
257;-84
259;-91
257;-89
254;-90
257;-87
258;-87
259;-91
256;-86
257;-89
259;-94
259;-100
261;-98
260;-96
263;-99
260;-97
261;-101
264;-104
266;-102
266;-110
266;-104
267;-110
263;-110
266;-107
271;-112
267;-110
266;-112
268;-114
268;-115
268;-116
271;-115
269;-121
267;-117
272;-124
272;-123
269;-122
273;-129
271;-125
273;-131
273;-129
274;-129
274;-135
273;-132
274;-133
276;-131
276;-135
274;-136
276;-136
273;-141
278;-135
278;-141
276;-141
277;-146
278;-148
284;-146
280;-151
279;-149
280;-154
281;-152
281;-154
278;-154
278;-150
279;-153
283;-159
282;-158
281;-160
281;-158
283;-160
281;-158
281;-156
280;-160
282;-159
281;-166
283;-161
284;-164
280;-164
279;-163
280;-167
281;-162
281;-162
283;-164
283;-167
284;-168
283;-162
282;-164
284;-160
284;-164
282;-164
285;-162
285;-170
282;-163
281;-170
282;-168
280;-167
284;-169
283;-166
282;-174
285;-173
283;-173
284;-176
283;-174
283;-181
285;-178
283;-179
284;-181
286;-180
285;-184
284;-183
281;-185
283;-185
283;-186
285;-189
286;-186
287;-188
286;-187
284;-188
284;-190
286;-189
285;-191
286;-190
287;-193
284;-191
287;-193
286;-195
286;-193
283;-198
283;-197
286;-195
285;-200
283;-195
286;-197
286;-195
286;-194
284;-199
283;-193
285;-196
286;-188
284;-191
285;-189
285;-189
286;-192
285;-189
284;-193
285;-191
283;-190
286;-192
286;-189
285;-193
287;-189
284;-189
285;-187
285;-187
283;-193
286;-188
284;-192
285;-189
284;-190
286;-191
285;-190
287;-195
285;-191
284;-192
286;-195
286;-193
285;-197
288;-192
282;-192
285;-193
287;-190
284;-197
285;-191
285;-198
284;-192
285;-193
287;-196
283;-192
285;-199
286;-195
287;-198
284;-197
286;-198
284;-204
285;-194
285;-202
286;-198
284;-197
284;-203
285;-198
286;-204
285;-199
282;-204
284;-205
288;-203
286;-207
287;-201
283;-209
284;-209
286;-208
282;-208
284;-206
287;-211
286;-207
285;-209
284;-211
287;-212
284;-214
285;-212
285;-212
288;-212
283;-214
285;-219
284;-216
287;-223
286;-218
284;-223
285;-220
289;-217
286;-220
286;-218
284;-216
287;-217
284;-216
286;-222
285;-220
286;-222
284;-220
284;-220
286;-222
285;-221
284;-225
283;-224
284;-225
283;-225
284;-227
279;-225
284;-222
285;-228
283;-226
284;-227
282;-229
283;-227
286;-231
286;-226
285;-229
284;-226
286;-227
284;-230
287;-227
285;-230
283;-229
283;-233
283;-233
284;-229
282;-235
284;-228
282;-233
284;-232
285;-232
284;-236
285;-234
285;-236
284;-239
282;-235
282;-241
284;-237
281;-240
283;-234
281;-242
284;-241
283;-238
281;-242
284;-236
283;-243
282;-237
283;-236
281;-242
283;-240
281;-246
282;-238
282;-242
280;-244
281;-242
280;-245
282;-243
277;-244
282;-245
280;-247
282;-249
281;-244
280;-247
282;-249
283;-247
279;-249
279;-248
279;-250
281;-248
281;-247
281;-246
280;-247
279;-251
282;-249
279;-251
283;-248
281;-253
279;-252
279;-248
277;-253
282;-249
279;-251
280;-252
276;-253
278;-257
280;-254
278;-255
279;-253
279;-254
279;-258
281;-253
276;-258
280;-256
279;-262
279;-257
277;-258
279;-262
276;-259
276;-260
279;-260
278;-257
278;-264
278;-260
280;-263
277;-261
277;-262
276;-261
277;-256
277;-263
276;-263
278;-267
275;-261
278;-263
277;-266
276;-265
273;-268
278;-266
275;-266
278;-265
277;-266
276;-270
279;-267
277;-269
273;-267
277;-266
274;-269
275;-265
273;-271
277;-269
274;-269
276;-268
277;-268
275;-271
275;-269
274;-267
275;-268
276;-268
275;-270
275;-267
276;-268
276;-272
273;-268
275;-268
277;-270
273;-271
277;-268
274;-273
275;-270
277;-271
274;-275
276;-271
275;-274
277;-273
272;-274
273;-276
275;-273
271;-279
274;-276
272;-278
273;-276
268;-279
273;-282
276;-276
274;-279
275;-279
271;-276
272;-283
271;-279
271;-285
271;-279
271;-279
274;-282
273;-282
268;-283
269;-281
266;-286
272;-282
268;-284
267;-285
271;-286
269;-288
270;-286
266;-289
269;-288
268;-287
270;-292
271;-289
265;-293
268;-289
269;-292
264;-290
268;-289
269;-291
268;-292
266;-296
269;-292
268;-290
266;-293
266;-292
265;-295
266;-292
262;-298
267;-297
265;-296
267;-296
269;-294
266;-294
266;-298
265;-294
263;-297
266;-294
262;-300
265;-295
265;-296
265;-297
268;-297
264;-299
266;-292
268;-294
267;-295
268;-291
269;-292
273;-281
270;-285
272;-278
274;-274
272;-277
277;-274
275;-277
282;-269
286;-269
282;-267
286;-264
286;-263
283;-255
281;-253
279;-252
281;-249
282;-254
282;-249
280;-252
284;-245
282;-246
281;-243
284;-236
285;-240
283;-238
284;-236
287;-232
286;-231
285;-228
286;-225
285;-226
287;-224
284;-222
283;-223
288;-216
285;-216
287;-209
285;-210
284;-208
286;-203
284;-204
285;-198
282;-198
286;-192
284;-191
286;-184
287;-181
285;-184
285;-179
285;-179
285;-174
283;-168
281;-172
281;-163
281;-163
282;-154
285;-154
282;-153
280;-147
279;-151
278;-145
278;-147
282;-148
279;-149
281;-155
282;-150
282;-162
283;-163
283;-169
284;-176
286;-183
285;-192
287;-197
286;-203
287;-209
286;-211
286;-221
284;-216
287;-228
285;-226
283;-232
284;-236
287;-237
282;-241
285;-241
281;-243
280;-244
283;-244
281;-250
283;-249
280;-253
282;-256
278;-256
277;-267
279;-264
275;-268
277;-269
274;-271
277;-271
275;-273
270;-275
276;-278
274;-282
274;-278
280;-280
272;-280
275;-275
272;-276
278;-276
274;-273
274;-277
272;-277
273;-281
270;-278
272;-279
272;-278
274;-275
272;-283
272;-281
269;-286
271;-286
270;-288
269;-290
270;-284
269;-289
268;-288
273;-289
267;-290
267;-288
266;-297
267;-295
265;-298
266;-294
266;-300
264;-304
263;-302
262;-303
265;-298
264;-303
261;-303
263;-300
261;-303
263;-299
263;-303
264;-300
265;-297
268;-301
267;-295
263;-300
264;-299
268;-296
266;-298
265;-296
263;-300
264;-300
260;-302
262;-305
259;-304
260;-306
263;-306
256;-310
262;-309
262;-311
257;-313
259;-312
256;-317
257;-313
255;-316
259;-313
257;-314
255;-320
256;-319
254;-321
255;-318
254;-319
252;-321
253;-317
252;-322
253;-322
253;-323
252;-324
250;-322
250;-328
251;-325
248;-326
248;-328
249;-327
248;-327
253;-325
247;-330
252;-326
249;-327
250;-326
252;-327
249;-329
253;-326
250;-327
254;-326
250;-324
248;-325
253;-322
250;-328
252;-326
250;-325
251;-327
249;-325
248;-328
250;-326
248;-329
245;-331
243;-332
242;-334
245;-330
244;-336
242;-334
243;-334
238;-337
245;-336
241;-341
247;-341
241;-338
242;-338
244;-337
239;-340
241;-340
237;-343
241;-340
237;-341
237;-344
238;-339
237;-345
238;-343
240;-343
237;-344
236;-344
235;-347
237;-345
235;-346
235;-348
237;-346
235;-347
239;-349
233;-350
231;-349
231;-350
229;-352
233;-353
235;-351
235;-347
233;-350
234;-349
235;-345
236;-347
240;-346
238;-346
237;-348
242;-344
237;-348
238;-342
236;-349
238;-347
236;-349
234;-347
238;-344
233;-345
238;-342
237;-346
238;-348
238;-345
234;-348
239;-348
234;-348
237;-348
233;-350
231;-352
233;-351
227;-355
229;-355
228;-355
225;-353
230;-355
227;-355
226;-355
229;-357
228;-359
226;-357
227;-360
227;-359
226;-360
227;-361
226;-360
222;-362
224;-363
224;-365
225;-362
220;-367
221;-362
220;-367
216;-364
223;-364
220;-364
221;-362
222;-367
218;-368
222;-366
217;-368
216;-367
216;-369
215;-368
218;-368
214;-370
216;-371
215;-373
215;-370
214;-373
210;-374
214;-369
212;-375
215;-372
211;-373
214;-375
216;-375
211;-376
215;-373
212;-374
210;-375
211;-373
211;-374
213;-375
209;-378
209;-374
211;-377
206;-378
207;-378
208;-378
213;-377
202;-377
208;-379
209;-377
203;-383
204;-380
203;-380
201;-383
203;-382
200;-383
202;-383
198;-384
202;-385
201;-388
196;-388
199;-389
195;-389
195;-382
197;-389
194;-392
195;-389
190;-391
192;-392
190;-392
186;-391
188;-394
183;-396
188;-395
184;-393
189;-396
182;-398
180;-399
180;-398
178;-397
182;-398
179;-401
180;-403
177;-398
175;-402
179;-402
177;-402
173;-401
178;-404
180;-400
183;-401
175;-402
180;-400
177;-399
178;-399
178;-399
174;-402
178;-400
177;-398
177;-399
180;-400
176;-403
179;-401
175;-404
176;-401
174;-403
174;-404
175;-403
172;-403
178;-399
171;-401
178;-402
173;-402
176;-405
175;-401
171;-402
178;-404
173;-403
177;-402
176;-400
169;-405
173;-407
169;-405
169;-405
168;-407
165;-407
169;-403
168;-409
171;-404
169;-404
171;-406
172;-402
172;-403
172;-403
172;-404
175;-402
176;-399
175;-404
178;-401
174;-404
173;-405
174;-401
173;-403
174;-400
173;-401
176;-401
175;-403
173;-405
176;-405
173;-406
176;-405
172;-407
172;-404
169;-406
167;-408
172;-406
165;-408
163;-409
161;-414
159;-415
163;-415
158;-413
161;-411
157;-411
157;-413
156;-411
154;-415
152;-412
152;-416
152;-415
152;-416
152;-419
146;-419
149;-417
151;-419
145;-417
142;-418
146;-420
143;-421
144;-422
142;-419
146;-421
141;-424
141;-421
144;-418
138;-420
142;-419
140;-423
141;-421
141;-419
135;-424
137;-423
134;-425
137;-424
137;-423
132;-420
135;-421
135;-426
135;-425
133;-423
131;-427
133;-424
127;-427
130;-426
127;-427
128;-429
126;-425
119;-432
119;-427
116;-431
121;-429
118;-429
114;-429
116;-428
113;-428
113;-430
112;-431
112;-433
109;-433
105;-431
107;-430
105;-432
103;-433
103;-433
99;-435
102;-436
95;-433
98;-437
98;-431
98;-437
97;-435
95;-436
97;-435
98;-437
102;-434
103;-431
98;-434
107;-433
103;-433
101;-436
104;-434
105;-432
109;-433
104;-433
107;-433
107;-434
106;-434
110;-432
102;-436
110;-429
109;-435
104;-435
108;-433
99;-435
104;-431
100;-435
102;-435
103;-434
96;-434
98;-435
94;-435
96;-440
91;-439
91;-436
91;-437
93;-439
95;-437
91;-437
90;-437
95;-435
86;-438
92;-438
85;-437
87;-439
83;-438
85;-436
82;-439
80;-440
83;-436
79;-439
77;-437
81;-438
76;-439
78;-437
73;-438
73;-440
72;-437
68;-440
71;-441
63;-442
65;-439
62;-438
66;-440
64;-442
60;-441
63;-441
59;-441
59;-440
57;-441
55;-440
58;-440
56;-442
58;-441
55;-439
56;-439
51;-440
49;-441
50;-438
44;-440
51;-442
46;-442
44;-442
48;-440
41;-439
43;-442
39;-443
39;-440
40;-441
37;-439
40;-442
37;-439
39;-441
38;-439
32;-443
40;-438
36;-443
43;-440
40;-441
44;-440
45;-440
43;-441
48;-443
45;-443
46;-443
43;-444
44;-444
45;-443
41;-439
48;-442
44;-440
46;-441
47;-441
44;-442
48;-444
43;-440
47;-438
46;-440
44;-440
47;-442
42;-441
46;-442
42;-442
42;-443
47;-442
43;-441
46;-440
47;-439
47;-440
47;-440
39;-437
44;-441
40;-440
49;-443
44;-440
44;-443
48;-440
43;-443
45;-438
41;-440
40;-441
39;-441
40;-439
44;-440
34;-440
40;-441
37;-438
38;-439
42;-440
32;-441
40;-440
37;-440
34;-439
36;-439
31;-441
35;-439
29;-439
32;-441
26;-439
26;-440
29;-438
23;-437
24;-436
22;-438
17;-439
21;-440
14;-435
17;-436
14;-438
14;-438
14;-437
13;-439
15;-438
8;-439
9;-437
5;-438
3;-438
7;-437
2;-437
4;-437
1;-437
1;-436
0;-435
-5;-436
-4;-437
-7;-433
-4;-436
-9;-436
-7;-434
-8;-437
-16;-436
-11;-436
-17;-435
-17;-431
-16;-433
-19;-431
-16;-431
-17;-434
-18;-435
-18;-434
-22;-432
-18;-436
-22;-434
-23;-433
-25;-432
-20;-430
-23;-433
-23;-431
-26;-431
-27;-429
-26;-433
-27;-432
-31;-429
-25;-429
-32;-427
-32;-429
-29;-428
-34;-432
-33;-428
-36;-430
-34;-428
-34;-430
-31;-430
-30;-430
-32;-431
-29;-431
-36;-429
-33;-429
-37;-430
-40;-426
-38;-427
-44;-424
-43;-424
-43;-426
-46;-423
-45;-423
-51;-419
-44;-426
-48;-419
-48;-424
-46;-425
-48;-424
-46;-422
-52;-417
-48;-425
-54;-423
-52;-421
-54;-421
-58;-419
-55;-419
-60;-419
-60;-417
-57;-419
-62;-419
-60;-417
-62;-417
-62;-417
-63;-417
-61;-416
-61;-416
-67;-415
-62;-416
-68;-416
-65;-416
-65;-416
-69;-419
-63;-417
-68;-413
-69;-415
-69;-414
-72;-410
-70;-413
-78;-412
-72;-410
-77;-407
-77;-412
-73;-409
-81;-407
-78;-409
-81;-406
-81;-406
-82;-404
-86;-404
-82;-405
-85;-404
-85;-408
-87;-404
-90;-403
-86;-402
-90;-399
-87;-403
-91;-400
-95;-401
-89;-400
-93;-400
-90;-401
-94;-396
-91;-399
-96;-398
-96;-395
-97;-398
-99;-394
-99;-397
-96;-393
-102;-393
-103;-393
-103;-391
-101;-389
-106;-390
-104;-390
-108;-385
-106;-390
-107;-391
-113;-387
-108;-390
-108;-384
-111;-389
-105;-388
-110;-386
-102;-389
-103;-391
-99;-394
-98;-394
-102;-394
-98;-394
-103;-390
-100;-391
-100;-392
-103;-393
-98;-392
-101;-394
-98;-394
-103;-388
-98;-397
-103;-393
-101;-392
-99;-396
-100;-391
-100;-393
-101;-395
-102;-397
-103;-397
-103;-392
-100;-396
-107;-392
-104;-397
-103;-393
-107;-392
-104;-396
-107;-389
-107;-392
-108;-392
-108;-390
-112;-394
-119;-397
-115;-397
-125;-400
-122;-405
-117;-406
-117;-394
-110;-399
-110;-394
-104;-394
-103;-395
-107;-397
-104;-397
-106;-396
-103;-398
-106;-393
-105;-394
-104;-397
-104;-393
-102;-397
-104;-393
-103;-396
-104;-396
-105;-396
-103;-396
-108;-392
-102;-394
-103;-394
-103;-393
-104;-397
-103;-392
-101;-399
-104;-396
-103;-396
-104;-395
-102;-392
-100;-396
-104;-393
-103;-397
-106;-395
-106;-394
-103;-395
-108;-395
-102;-394
-99;-395
-97;-406
-98;-403
-104;-395
-105;-395
-111;-396
-105;-394
-103;-395
-108;-395
-105;-393
-107;-392
-107;-394
-110;-393
-107;-393
-105;-395
-109;-393
-108;-393
-112;-386
-113;-388
-114;-388
-115;-388
-115;-385
-120;-381
-112;-386
-119;-383
-117;-383
-117;-381
-120;-382
-119;-384
-119;-379
-121;-382
-121;-382
-123;-376
-125;-383
-124;-376
-124;-378
-124;-378
-128;-374
-124;-377
-130;-372
-126;-377
-128;-375
-128;-373
-129;-371
-130;-369
-132;-374
-132;-369
-130;-376
-132;-373
-134;-370
-130;-369
-134;-368
-134;-368
-136;-366
-137;-364
-134;-365
-136;-367
-139;-365
-141;-362
-141;-365
-137;-363
-138;-360
-139;-364
-140;-361
-139;-361
-139;-361
-140;-361
-140;-365
-144;-355
-145;-358
-144;-355
-145;-357
-141;-359
-143;-356
-142;-361
-142;-356
-142;-360
-143;-358
-145;-358
-141;-358
-144;-356
-145;-361
-142;-358
-145;-355
-145;-357
-146;-355
-148;-354
-147;-350
-146;-352
-148;-348
-152;-348
-150;-349
-151;-345
-150;-347
-154;-345
-155;-348
-153;-348
-154;-346
-155;-346
-155;-344
-152;-347
-154;-348
-156;-343
-152;-342
-157;-341
-157;-343
-158;-339
-160;-337
-157;-341
-160;-337
-157;-341
-157;-339
-159;-336
-159;-335
-162;-338
-159;-337
-162;-334
-159;-340
-159;-335
-158;-336
-162;-339
-163;-332
-162;-334
-163;-332
-162;-330
-159;-334
-164;-332
-162;-333
-162;-330
-162;-334
-164;-328
-169;-328
-167;-330
-164;-328
-166;-330
-163;-325
-165;-325
-165;-330
-166;-325
-167;-327
-168;-320
-167;-326
-167;-325
-168;-321
-168;-325
-167;-321
-169;-322
-168;-323
-172;-322
-171;-318
-173;-319
-168;-320
-173;-314
-175;-317
-169;-321
-176;-313
-175;-319
-176;-309
-171;-310
-176;-313
-174;-309
-175;-312
-175;-310
-176;-313
-173;-314
-178;-308
-176;-308
-178;-306
-174;-309
-174;-307
-177;-308
-176;-310
-175;-305
-178;-306
-180;-301
-178;-305
-180;-303
-179;-305
-179;-301
-179;-302
-177;-303
-178;-305
-179;-304
-181;-297
-181;-297
-180;-298
-181;-297
-181;-302
-179;-302
-181;-300
-178;-302
-180;-296
-179;-300
-180;-299
-181;-295
-179;-300
-181;-298
-180;-296
-181;-298
-180;-299
-181;-297
-183;-291
-182;-298
-183;-292
-185;-296
-183;-296
-184;-291
-183;-294
-184;-288
-185;-294
-185;-287
-189;-289
-184;-286
-187;-285
-186;-289
-186;-282
-187;-285
-189;-287
-187;-281
-184;-283
-188;-279
-187;-283
-185;-279
-193;-280
-187;-284
-190;-274
-187;-283
-191;-279
-187;-276
-190;-275
-189;-276
-187;-277
-192;-273
-190;-276
-190;-273
-190;-270
-190;-276
-193;-270
-191;-273
-191;-269
-190;-273
-191;-271
-191;-266
-191;-266
-193;-261
-195;-266
-188;-258
-194;-258
-192;-266
-196;-259
-193;-257
-198;-255
-198;-252
-196;-257
-200;-252
-194;-254
-193;-250
-196;-254
-194;-252
-196;-251
-194;-256
-194;-248
-196;-250
-197;-246
-196;-244
-195;-245
-198;-244
-198;-247
-197;-244
-199;-245
-196;-246
-200;-240
-199;-241
-194;-236
-199;-240
-199;-238
-200;-238
-197;-239
-199;-232
-200;-238
-200;-233
-199;-234
-199;-235
-200;-230
-200;-236
-201;-232
-200;-235
-202;-231
-198;-232
-202;-234
-200;-233
-200;-240
-199;-235
-197;-237
-198;-238
-198;-230
-201;-239
-197;-235
-200;-233
-198;-235
-200;-230
-195;-238
-199;-230
-196;-237
-198;-231
-197;-235
-197;-233
-197;-229
-197;-235
-199;-231
-199;-232
-198;-234
-199;-233
-198;-236
-197;-231
-195;-235
-200;-232
-199;-230
-197;-236
-197;-231
-200;-235
-199;-233
-196;-235
-199;-233
-197;-229
-200;-234
-196;-226
-198;-230
-197;-228
-200;-226
-201;-230
-197;-220
-199;-228
-197;-222
-201;-221
-196;-226
-199;-221
-198;-226
-200;-220
-201;-219
-201;-220
-200;-215
-201;-219
-201;-216
-200;-213
-199;-214
-202;-215
-201;-215
-202;-212
-204;-216
-198;-208
-203;-211
-200;-209
-200;-209
-199;-211
-198;-209
-199;-210
-199;-208
-199;-206
-200;-209
-201;-202
-201;-206
-200;-203
-201;-204
-198;-205
-202;-201
-201;-206
-200;-198
-201;-205
-200;-199
-200;-200
-200;-203
-200;-200
-200;-209
-201;-201
-199;-205
-203;-206
-200;-198
-203;-202
-201;-197
-202;-199
-200;-199
-200;-193
-204;-199
-202;-192
-202;-195
-201;-191
-200;-189
-203;-194
-201;-189
-200;-191
-201;-188
-202;-188
-201;-188
-198;-182
-201;-188
-198;-181
-201;-184
-201;-185
-201;-181
-200;-186
-202;-179
-201;-181
-200;-178
-200;-179
-200;-179
-202;-176
-199;-181
-199;-173
-199;-181
-198;-177
-201;-174
-202;-173
-199;-172
-200;-175
-199;-170
-200;-172
-199;-172
-199;-171
-198;-171
-195;-166
-199;-169
-197;-167
-198;-165
-199;-171
-199;-162
-201;-164
-197;-163
-195;-165
-198;-164
-196;-161
-198;-162
-197;-155
-197;-159
-195;-159
-196;-158
-200;-158
-197;-154
-197;-159
-195;-154
-196;-154
-195;-156
-197;-150
-196;-155
-196;-155
-195;-160
-197;-157
-194;-159
-198;-164
-196;-159
-195;-162
-195;-161
-199;-163
-197;-164
-196;-163
-199;-169
-197;-171
-201;-176
-198;-176
-198;-177
-198;-193
-200;-188
-204;-208
-201;-209
-200;-222
-200;-224
-197;-227
-198;-238
-197;-244
-193;-254
-192;-261
-192;-265
-192;-272
-189;-276
-187;-283
-180;-286
-184;-286
-177;-299
-177;-302
-167;-317
-170;-316
-163;-328
-161;-330
-154;-336
-153;-340
-157;-334
-156;-341
-155;-338
-156;-336
-157;-335
-161;-328
-162;-330
-169;-317
-164;-321
-168;-314
-170;-307
-174;-312
-175;-302
-178;-298
-181;-288
-188;-282
-187;-280
-187;-262
-193;-263
-193;-251
-194;-250
-196;-245
-197;-240
-194;-240
-197;-233
-195;-234
-197;-229
-198;-225
-198;-226
-194;-220
-200;-223
-199;-218
-198;-212
-199;-213
-198;-205
-199;-210
-198;-200
-197;-200
-198;-196
-199;-193
-196;-192
-197;-186
-199;-188
-197;-183
-200;-187
-199;-187
-202;-186
-199;-192
-200;-191
-201;-193
-201;-195
-198;-191
-201;-196
-197;-188
-202;-193
-200;-190
-198;-193
-199;-194
-203;-191
-198;-195
-197;-192
-199;-195
-196;-191
-195;-190
-196;-195
-196;-193
-197;-196
-199;-194
-200;-194
-200;-198
-199;-189
-199;-197
-201;-194
-198;-190
-198;-197
-199;-195
-201;-197
-201;-193
-203;-199
-199;-192
-199;-194
-196;-196
-197;-193
-199;-196
-198;-196
-199;-195
-198;-195
-198;-187
-201;-195
-198;-186
-199;-190
-198;-187
-199;-186
-198;-187
-196;-181
-201;-185
-197;-180
-198;-183
-197;-180
-198;-175
-198;-178
-197;-174
-197;-174
-196;-176
-198;-171
-198;-172
-196;-166
-195;-170
-197;-168
-197;-169
-195;-171
-196;-169
-201;-168
-197;-165
-197;-169
-197;-168
-194;-161
-196;-166
-195;-162
-198;-161
-196;-160
-196;-158
-200;-160
-195;-156
-198;-159
-197;-155
-199;-157
-195;-155
-198;-151
-195;-155
-195;-149
-195;-154
-197;-151
-196;-149
-195;-155
-194;-147
-195;-150
-196;-145
-197;-148
-197;-149
-192;-142
-193;-147
-193;-145
-193;-146
-192;-145
-192;-139
-195;-144
-194;-138
-195;-143
-196;-138
-192;-139
-195;-140
-191;-139
-195;-140
-191;-137
-192;-137
-192;-138
-189;-135
-194;-134
-190;-132
-192;-133
-189;-132
-189;-127
-190;-131
-186;-125
-190;-131
-189;-125
-189;-124
-188;-123
-188;-122
-186;-124
-190;-120
-189;-121
-190;-123
-187;-116
-189;-118
-184;-115
-185;-117
-186;-116
-183;-114
-187;-113
-185;-113
-186;-113
-182;-112
-186;-110
-187;-109
-184;-111
-188;-114
-182;-111
-186;-115
-184;-116
-184;-112
-186;-116
-184;-111
-181;-112
-183;-108
-184;-108
-184;-109
-182;-106
-184;-108
-182;-108
-184;-105
-184;-104
-180;-102
-181;-104
-179;-100
-180;-99
-180;-102
-181;-99
-180;-97
-176;-95
-177;-97
-177;-96
-176;-96
-173;-94
-173;-93
-171;-90
-168;-82
-171;-86
-167;-80
-170;-79
-168;-82
-164;-79
-170;-83
-166;-82
-170;-84
-167;-83
-161;-70
-168;-75
-162;-73
-162;-72
-165;-77
-163;-72
-163;-74
-159;-67
-160;-67
-156;-65
-157;-64
-157;-66
-157;-62
-164;-73
-162;-67
-161;-64
-158;-65
-158;-60
-160;-63
-155;-57
-155;-60
-152;-56
-148;-55
-154;-56
-151;-54
-150;-53
-149;-51
-149;-51
-145;-50
-148;-48
-147;-50
-144;-48
-147;-49
-149;-47
-143;-47
-143;-47
-141;-43
-144;-47
-143;-43
-141;-42
-141;-45
-143;-44
-143;-44
-140;-41
-142;-41
-141;-39
-138;-39
-140;-39
-137;-38
-141;-42
-139;-40
-139;-35
-141;-37
-135;-35
-139;-36
-134;-33
-136;-35
-138;-36
-134;-33
-135;-37
-132;-36
-135;-35
-131;-33
-132;-35
-134;-35
-131;-32
-134;-35
-131;-33
-134;-33
-132;-34
-133;-30
-131;-30
-128;-28
-131;-27
-127;-31
-128;-28
-131;-29
-130;-28
-130;-30
-129;-29
-128;-24
-124;-24
-124;-22
-126;-27
-123;-23
-126;-25
-126;-25
-125;-23
-125;-23
-121;-19
-124;-20
-119;-18
-118;-20
-122;-22
-117;-19
-120;-23
-119;-18
-119;-17
-117;-16
-116;-15
-118;-15
-115;-14
-118;-16
-113;-12
-110;-14
-114;-15
-109;-10
-110;-14
-108;-9
-107;-8
-110;-9
-105;-7
-110;-12
-109;-9
-106;-8
-108;-7
-105;-11
-107;-10
-105;-9
-108;-7
-105;-5
-108;-8
-106;-7
-102;-7
-105;-7
-102;-3
-104;-7
-101;-4
-102;-3
-102;-4
-101;-5
-104;-3
-104;-4
-100;-5
-98;-2
-95;-1
-99;-3
-98;-4
-103;-4
-103;-6
-103;-3
-103;-5
-98;-2
-99;-6
-97;1
-94;-2
-99;-1
-96;-1
-95;-2
-94;0
-94;2
-95;-1
-93;2
-89;3
-90;5
-93;3
-92;5
-91;3
-90;3
-89;5
-91;4
-87;6
-88;7
-86;6
-86;9
-87;8
-84;6
-86;5
-86;9
-82;12
-84;9
-80;7
-81;9
-81;9
-84;11
-83;9
-79;11
-83;9
-82;12
-86;10
-85;8
-83;10
-88;4
-86;7
-87;10
-88;9
-87;7
-86;5
-85;5
-91;6
-81;11
-88;8
-84;7
-82;7
-83;4
-79;7
-84;7
-81;7
-81;8
-84;10
-80;8
-86;8
-82;7
-89;8
-86;7
-84;9
-87;5
-84;10
-89;6
-87;9
-88;9
-85;11
-84;11
-87;12
-80;10
-79;10
-80;13
-79;12
-83;10
-83;12
-84;10
-81;12
-79;14
-81;12
-74;18
-75;18
-70;16
-74;13
-74;15
-74;19
-76;16
-67;17
-70;19
-68;18
-67;19
-69;20
-64;21
-72;17
-68;18
-69;22
-71;20
-64;20
-67;24
-64;23
-66;21
-64;19
-66;23
-66;19
-62;24
-66;20
-60;22
-60;25
-62;22
-61;25
-63;24
-61;25
-58;26
-62;23
-58;24
-62;26
-57;24
-58;25
-59;27
-60;25
-57;27
-52;26
-57;25
-53;28
-57;28
-57;25
-53;29
-59;26
-55;26
-55;21
-58;26
-58;26
-59;26
-55;26
-58;24
-56;27
-55;28
-54;25
-51;28
-57;27
-46;30
-45;32
-41;31
-43;32
-44;33
-44;30
-47;26
-44;31
-43;31
-45;30
-39;34
-41;35
-39;33
-42;32
-42;35
-39;32
-40;34
-35;36
-41;32
-35;37
-38;35
-36;33
-33;33
-37;33
-31;34
-34;37
-35;35
-28;35
-33;34
-31;37
-32;36
-31;34
-29;37
-28;40
-26;36
-28;36
-25;39
-26;40
-23;39
-25;38
-28;36
-24;40
-24;39
-27;40
-24;40
-30;38
-22;38
-22;39
-19;41
-24;37
-21;37
-18;38
-20;38
-16;41
-17;39
-15;42
-16;41
-18;43
-12;41
-19;40
-16;40
-18;42
-15;41
-12;43
-12;41
-11;40
-12;39
-11;40
-8;43
-12;38
-5;44
-11;41
-10;43
-7;42
-11;43
-2;43
-13;40
-7;43
-9;41
-10;44
0;43
-4;44
3;45
-4;42
0;43
3;44
1;42
5;42
3;44
7;45
8;47
10;45
14;45
8;45
12;46
7;45
9;42
12;44
10;46
17;44
15;44
17;45
14;43
14;46
19;44
14;46
20;45
17;44
19;46
17;45
16;46
20;43
15;45
16;46
18;46
17;45
27;44
18;45
22;46
20;45
22;46
23;44
21;45
24;47
22;46
22;48
25;47
25;45
28;48
21;47
26;47
28;47
22;44
28;47
24;45
29;46
25;48
25;48
24;48
24;48
29;45
26;47
35;46
29;49
30;47
31;44
31;45
34;45
29;49
30;47
37;47
31;46
38;49
34;48
37;46
33;45
36;48
39;47
34;48
41;43
37;49
39;48
43;48
39;48
45;46
39;47
41;47
42;48
38;46
44;46
42;47
45;47
42;47
43;49
42;46
42;49
47;49
44;49
52;47
50;47
46;46
51;46
45;48
52;47
51;48
49;48
52;47
53;48
55;48
54;47
58;47
54;45
57;44
61;47
56;45
65;49
61;45
62;45
67;48
61;46
65;48
62;46
63;48
63;51
61;45
71;46
67;48
71;45
71;49
73;45
72;45
71;46
75;44
73;46
75;44
74;47
74;43
79;43
71;43
79;42
78;44
81;43
80;43
80;44
81;43
79;45
84;41
79;45
81;44
85;42
83;43
87;41
85;42
88;43
89;40
88;43
92;40
90;43
91;44
89;41
90;38
96;41
95;42
101;40
97;42
101;37
100;42
100;41
102;39
100;40
101;40
99;39
96;39
99;39
91;41
97;42
85;44
87;45
88;42
80;44
85;43
78;45
81;42
79;45
81;43
87;44
88;43
95;40
94;41
101;40
100;36
104;37
108;38
108;37
109;36
110;35
112;36
115;32
115;36
122;34
117;36
119;34
119;32
120;34
127;33
120;33
121;32
121;32
118;36
121;33
119;34
123;33
124;31
124;32
129;31
125;32
132;25
133;28
134;26
136;26
137;25
139;24
140;26
146;24
142;27
144;25
145;24
142;26
143;21
141;24
142;23
147;22
146;22
151;21
147;23
152;19
151;26
153;18
154;16
154;19
155;15
158;19
159;13
160;16
158;14
163;15
155;16
159;14
158;15
161;16
164;11
162;18
167;9
163;13
167;8
164;11
167;12
172;9
166;8
174;8
169;9
170;9
172;9
167;8
173;6
168;8
173;8
174;7
175;5
180;5
176;7
182;2
179;4
181;0
179;4
180;1
183;1
181;-1
184;-1
185;-1
182;-1
186;-3
185;-2
191;-2
190;-5
188;-3
192;-4
190;-3
192;-7
192;-5
194;-7
194;-8
192;-7
197;-7
194;-6
198;-11
198;-12
199;-15
198;-14
198;-11
201;-15
195;-12
202;-14
203;-13
201;-14
205;-19
202;-15
206;-21
205;-22
209;-20
209;-23
206;-20
214;-26
212;-24
217;-29
215;-27
217;-30
217;-32
217;-27
215;-30
211;-22
210;-22
210;-18
210;-20
211;-25
207;-20
209;-21
208;-15
207;-21
208;-18
207;-19
211;-20
209;-17
208;-20
210;-19
204;-18
209;-24
206;-18
209;-20
206;-20
207;-17
208;-21
206;-16
206;-21
207;-17
210;-19
206;-19
209;-19
211;-23
207;-17
209;-22
207;-21
207;-21
208;-20
206;-17
206;-21
205;-19
206;-18
208;-19
207;-19
208;-21
208;-16
205;-20
206;-19
204;-16
209;-16
208;-17
209;-21
208;-21
208;-21
