0.295711257796;0.44792953408 0.903016108961
0.295711257796;0.44792953408 0.903016108961
0.29544230983;0.447799811401 0.902858646665
0.29544230983;0.447799811401 0.902858646665
0.280717475051;0.370262470353 0.824224381494
0.280717475051;0.370262470353 0.824224381494
0.270662058976;0.345220066739 0.798353356054
0.270662058976;0.345220066739 0.798353356054
0.268522548926;0.319735201089 0.772779153126
0.268522548926;0.319735201089 0.772779153126
0.271131104535;0.295546851606 0.74893240147
0.275535740316;0.27065362874 0.724601477145
0.275535740316;0.27065362874 0.724601477145
0.281476389364;0.252440467875 0.707149922529
0.281476389364;0.252440467875 0.707149922529
0.293074243758;0.213393361329 0.669890712509
0.293074243758;0.213393361329 0.669890712509
0.293074243758;0.213393361329 0.669890712509
0.303839398206;0.175112554865 0.63367840966
0.303839398206;0.175112554865 0.63367840966
0.303839398206;0.175112554865 0.63367840966
0.316357711295;0.13008904473 0.591643825958
0.316357711295;0.13008904473 0.591643825958
0.316357711295;0.13008904473 0.591643825958
0.327039641438;0.0898134871137 0.554560791408
0.327039641438;0.0898134871137 0.554560791408
0.327039641438;0.0898134871137 0.554560791408
0.327039641438;0.0898134871137 0.554560791408
0.336995482768;0.0461222608974 0.514689284964
0.336995482768;0.0461222608974 0.514689284964
0.347046598961;0.003996427744 0.47721636463
0.347046598961;0.003996427744 0.47721636463
0.353494069149;-0.0198940369542 0.456674466892
0.363896162639;-0.0444714315918 0.43739612701
0.363896162639;-0.0444714315918 0.43739612701
0.371507944286;-0.0555621736885 0.430111815437
0.371507944286;-0.0555621736885 0.430111815437
0.399823038381;-0.0778856583321 0.422372264647
0.399823038381;-0.0778856583321 0.422372264647
0.420149706109;-0.0928931875112 0.419513013655
0.441719479737;-0.115112337899 0.413010960038
0.441719479737;-0.115112337899 0.413010960038
0.449178820029;-0.12519667191 0.40937426188
0.454981828989;-0.139569670848 0.401724684793
0.454981828989;-0.139569670848 0.401724684793
0.460641009557;-0.1771381005 0.377342486425
0.460641009557;-0.1771381005 0.377342486425
0.459188497759;-0.205897222476 0.35604050804
0.454395845364;-0.22601985263 0.33894594341
0.454395845364;-0.22601985263 0.33894594341
0.449244116995;-0.254157995918 0.316980630985
0.449244116995;-0.254157995918 0.316980630985
0.449244116995;-0.254157995918 0.316980630985
0.442114411632;-0.282016759179 0.294682468967
0.442114411632;-0.282016759179 0.294682468967
0.431818225748;-0.317305184676 0.267109722404
0.431818225748;-0.317305184676 0.267109722404
0.424296433023;-0.335974404323 0.251616228284
0.424296433023;-0.335974404323 0.251616228284
0.416482693939;-0.365115312254 0.232529927082
0.404816377642;-0.390562922343 0.213266300082
0.404816377642;-0.390562922343 0.213266300082
0.397618993969;-0.403863419485 0.202933119127
0.391203196213;-0.420198505931 0.193511734246
0.391203196213;-0.420198505931 0.193511734246
0.375711089257;-0.441294733293 0.175926599911
0.375711089257;-0.441294733293 0.175926599911
0.348492113699;-0.457108841744 0.148662178989
0.348492113699;-0.457108841744 0.148662178989
0.322728371588;-0.460409243085 0.12316901207
0.322728371588;-0.460409243085 0.12316901207
0.29564029818;-0.456565884777 0.0958654133606
0.287673333042;-0.451670595652 0.0876892480094
0.27960133493;-0.444574044218 0.0797860483969
0.27960133493;-0.444574044218 0.0797860483969
0.262605119061;-0.431841168319 0.0651854592734
0.239296610337;-0.421094306263 0.0487828116695
